boxes: tensor([[7.0060e+02, 1.4584e+02, 7.6556e+02, 2.5266e+02, 1.0000e+00, 8.8679e-01, 0.0000e+00],
        [1.0596e+03, 6.2859e+02, 1.1279e+03, 8.0698e+02, 2.0000e+00, 8.6156e-01, 0.0000e+00],
        [3.5428e+02, 6.6336e+01, 3.8890e+02, 1.8163e+02, 3.0000e+00, 7.4245e-01, 0.0000e+00],
        [1.4756e+03, 2.5510e+02, 1.5398e+03, 3.5779e+02, 4.0000e+00, 7.1527e-01, 0.0000e+00],
        [1.3696e+03, 7.1104e+01, 1.4159e+03, 1.8008e+02, 5.0000e+00, 7.0352e-01, 0.0000e+00],
        [1.3831e+02, 3.4861e+02, 2.2181e+02, 4.5950e+02, 6.0000e+00, 6.6548e-01, 0.0000e+00]])
cls: tensor([0., 0., 0., 0., 0., 0.])
conf: tensor([0.8868, 0.8616, 0.7425, 0.7153, 0.7035, 0.6655])
data: tensor([[7.0060e+02, 1.4584e+02, 7.6556e+02, 2.5266e+02, 1.0000e+00, 8.8679e-01, 0.0000e+00],
        [1.0596e+03, 6.2859e+02, 1.1279e+03, 8.0698e+02, 2.0000e+00, 8.6156e-01, 0.0000e+00],
        [3.5428e+02, 6.6336e+01, 3.8890e+02, 1.8163e+02, 3.0000e+00, 7.4245e-01, 0.0000e+00],
        [1.4756e+03, 2.5510e+02, 1.5398e+03, 3.5779e+02, 4.0000e+00, 7.1527e-01, 0.0000e+00],
        [1.3696e+03, 7.1104e+01, 1.4159e+03, 1.8008e+02, 5.0000e+00, 7.0352e-01, 0.0000e+00],
        [1.3831e+02, 3.4861e+02, 2.2181e+02, 4.5950e+02, 6.0000e+00, 6.6548e-01, 0.0000e+00]])
id: tensor([1., 2., 3., 4., 5., 6.])
is_track: True
orig_shape: (989, 1759)
shape: torch.Size([6, 7])
xywh: tensor([[ 733.0797,  199.2487,   64.9509,  106.8198],
        [1093.7432,  717.7849,   68.2852,  178.3923],
        [ 371.5879,  123.9818,   34.6195,  115.2912],
        [1507.6620,  306.4464,   64.1924,  102.6912],
        [1392.7345,  125.5938,   46.3225,  108.9805],
        [ 180.0599,  404.0523,   83.4940,  110.8918]])
xywhn: tensor([[0.4168, 0.2015, 0.0369, 0.1080],
        [0.6218, 0.7258, 0.0388, 0.1804],
        [0.2112, 0.1254, 0.0197, 0.1166],
        [0.8571, 0.3099, 0.0365, 0.1038],
        [0.7918, 0.1270, 0.0263, 0.1102],
        [0.1024, 0.4085, 0.0475, 0.1121]])
xyxy: tensor([[ 700.6042,  145.8388,  765.5551,  252.6586],
        [1059.6006,  628.5887, 1127.8857,  806.9811],
        [ 354.2781,   66.3362,  388.8976,  181.6274],
        [1475.5658,  255.1008, 1539.7582,  357.7921],
        [1369.5732,   71.1035, 1415.8958,  180.0840],
        [ 138.3129,  348.6064,  221.8069,  459.4982]])
xyxyn: tensor([[0.3983, 0.1475, 0.4352, 0.2555],
        [0.6024, 0.6356, 0.6412, 0.8160],
        [0.2014, 0.0671, 0.2211, 0.1836],
        [0.8389, 0.2579, 0.8754, 0.3618],
        [0.7786, 0.0719, 0.8049, 0.1821],
        [0.0786, 0.3525, 0.1261, 0.4646]])